1000
262 575
817 262
394 261
88 878
271 119
765 56
945 566
725 443
143 297
739 277
478 562
138 860
398 922
225 588
459 463
718 673
599 155
62 31
214 208
101 767
891 178
561 444
353 749
868 478
629 185
634 678
610 978
351 523
645 12
493 435
690 366
757 533
535 93
980 142
376 84
464 321
115 281
220 980
493 907
272 232
901 386
373 793
440 455
423 830
220 334
252 162
649 752
509 747
421 821
498 810
776 728
451 564
176 364
156 407
813 440
906 776
343 222
203 396
543 529
755 709
236 864
620 919
776 333
150 603
906 546
720 603
293 70
357 718
833 211
963 285
208 371
920 383
172 324
14 617
104 128
305 521
173 889
663 444
190 285
416 894
5 21
86 745
256 804
502 817
215 613
104 63
23 957
331 595
436 331
637 471
595 876
987 129
38 11
12 896
995 408
763 378
567 847
748 509
744 19
462 92
513 212
755 308
354 846
876 158
14 732
8 559
167 93
39 669
975 604
547 252
977 197
743 90
272 630
962 358
982 963
605 280
56 654
891 172
976 382
313 624
387 559
472 903
188 258
959 478
194 893
948 375
133 845
92 27
631 826
160 573
713 348
787 83
468 204
202 464
113 605
964 207
867 155
11 578
475 244
265 395
501 110
375 249
218 240
410 695
989 901
878 321
594 45
960 248
436 598
783 110
974 714
636 933
829 642
786 77
60 459
271 532
768 335
324 979
662 126
249 333
289 397
133 890
801 856
29 484
784 955
834 625
751 71
160 25
249 218
829 482
958 863
8 970
468 423
3 251
577 783
489 917
540 172
739 920
421 275
456 241
634 173
499 174
779 266
930 980
472 396
581 760
866 183
836 756
136 775
188 411
596 810
731 696
117 624
761 172
526 727
962 702
471 922
27 743
915 516
57 261
138 464
120 463
696 308
138 978
213 640
135 923
31 809
901 653
461 697
64 61
870 27
60 555
618 955
840 739
694 268
981 836
718 790
704 800
343 55
20 692
131 40
204 66
409 306
416 204
844 417
990 51
954 225
516 993
689 104
3 386
405 596
862 410
53 286
691 330
151 630
913 459
457 311
396 312
474 990
717 342
137 351
989 31
965 527
124 943
436 441
757 333
712 570
188 189
278 175
155 733
913 473
738 38
128 335
885 181
652 708
35 490
45 610
916 472
837 71
466 533
676 421
676 275
102 351
167 119
666 458
735 42
637 954
973 998
839 302
488 850
117 542
857 112
103 387
34 734
418 151
384 468
57 741
49 100
671 635
335 648
785 983
782 176
314 63
587 338
423 718
894 846
261 194
465 873
448 882
249 529
541 527
741 347
826 178
269 745
804 438
949 423
802 142
522 407
617 794
340 98
544 629
502 585
621 834
394 940
511 143
104 458
486 353
424 346
528 818
671 801
797 312
55 132
485 335
586 895
202 761
248 286
697 627
279 68
20 556
204 753
861 761
551 473
516 12
115 73
610 293
694 980
161 896
262 431
132 577
246 617
171 277
120 647
442 154
675 950
963 384
478 185
361 873
950 644
111 279
749 177
817 781
188 347
393 63
899 481
708 429
182 740
847 117
786 428
708 657
705 703
170 272
362 915
244 696
533 629
665 859
286 505
956 536
408 853
205 845
84 409
712 459
946 249
996 451
104 613
255 663
329 991
40 330
951 823
806 220
476 275
320 384
942 410
204 591
18 266
220 738
731 615
238 83
34 247
371 373
416 459
906 477
682 759
726 368
438 61
942 749
291 246
436 949
261 283
337 826
322 778
582 862
6 4
214 29
46 726
403 444
164 653
318 19
470 374
59 888
733 214
381 133
434 559
54 44
507 412
426 129
264 166
348 800
871 911
169 32
527 30
277 848
971 691
282 680
876 325
624 555
309 441
682 834
2 885
965 851
969 429
143 468
428 861
326 66
5 712
695 678
355 624
624 1
556 502
887 238
420 683
685 960
126 102
470 22
497 249
107 483
261 399
762 586
574 112
3 98
184 519
751 93
891 91
989 246
361 52
53 707
567 408
721 393
705 758
504 247
529 793
701 748
720 121
384 844
102 54
852 265
904 181
593 718
296 135
203 553
921 512
531 952
651 812
892 300
820 312
609 606
648 15
885 78
475 667
948 610
52 711
24 862
221 50
847 1
976 813
243 888
956 87
210 613
417 96
647 58
504 797
905 202
48 67
779 905
908 614
452 796
104 691
424 115
911 444
430 5
909 68
605 844
514 955
505 178
17 579
578 507
350 587
183 757
559 915
951 52
965 737
264 626
115 491
868 174
614 189
937 572
781 964
696 477
899 259
432 375
476 165
492 879
205 724
459 229
655 417
415 272
76 316
585 939
43 726
691 888
386 844
182 852
386 382
676 2
975 184
377 779
992 647
950 101
940 287
959 963
983 317
942 13
235 904
679 281
330 364
909 497
147 241
885 774
923 393
851 333
559 112
18 279
639 936
192 263
685 93
128 775
62 709
746 651
153 20
409 578
446 262
220 241
769 181
599 882
1000 885
579 308
561 701
635 539
663 832
673 451
359 157
89 97
54 43
955 954
870 920
240 535
881 91
69 448
220 199
708 959
633 634
364 696
614 343
109 535
186 184
65 74
905 535
487 368
830 654
219 689
681 365
467 632
690 715
123 445
421 568
891 871
942 769
927 657
911 397
384 323
735 799
721 308
293 788
109 646
830 999
863 482
372 849
915 732
104 815
723 721
850 598
501 560
759 305
971 350
898 495
3 966
13 765
513 952
514 139
265 225
670 117
202 187
54 375
847 405
997 958
200 924
781 35
113 979
20 843
649 561
48 237
342 146
598 595
992 40
584 388
404 482
910 936
993 820
327 676
520 601
416 64
328 166
204 895
744 928
301 406
329 536
90 496
379 781
937 152
391 994
7 303
269 873
678 40
679 327
583 458
326 281
513 173
867 719
209 464
937 983
890 66
594 916
79 110
384 640
190 420
693 167
616 853
740 861
815 62
986 347
239 464
488 252
152 214
490 14
67 696
837 31
875 319
709 805
790 426
997 266
853 735
99 607
497 813
227 992
799 289
786 911
197 406
294 564
997 466
621 717
145 350
420 273
592 246
921 235
25 753
691 53
366 554
488 290
227 159
271 888
215 129
168 284
922 965
634 648
728 562
899 346
301 155
493 686
714 46
231 630
911 445
537 399
41 220
725 887
710 604
715 414
360 343
204 122
903 92
225 175
825 21
413 190
950 342
465 859
87 807
14 645
296 53
904 785
599 430
122 696
339 131
765 282
632 578
181 241
882 244
158 666
481 483
931 392
228 879
343 627
433 970
167 329
52 634
528 235
398 998
438 243
296 461
461 283
73 298
836 224
628 75
47 649
990 172
971 330
831 471
664 669
646 94
34 426
611 747
208 85
975 95
186 217
23 280
140 451
665 160
352 977
470 515
876 267
593 737
272 2
711 556
99 672
264 859
406 608
893 920
881 983
739 542
557 1
982 550
506 432
266 635
898 402
687 228
230 906
635 409
480 641
612 849
921 709
694 298
60 474
378 953
242 352
736 981
960 141
431 198
630 883
371 315
90 564
654 380
989 796
634 4
764 871
534 27
929 556
55 562
219 554
34 615
892 697
192 475
18 107
649 425
113 772
651 913
991 455
237 109
168 714
752 763
971 780
270 508
292 373
805 459
556 534
853 177
727 66
969 904
804 68
404 630
922 915
884 796
417 763
555 54
312 748
787 277
165 616
866 211
778 328
575 614
494 103
388 648
474 587
805 268
374 352
23 485
90 135
789 148
98 567
288 592
868 762
949 490
92 786
395 560
450 436
869 537
602 37
677 538
229 396
379 992
463 751
860 167
249 570
958 41
279 180
140 370
45 467
853 467
14 931
722 948
277 491
903 631
736 344
554 329
153 708
474 316
559 449
754 51
630 666
159 668
354 770
303 236
954 585
754 391
875 83
965 38
218 827
461 109
895 191
105 773
6 52
820 598
832 325
337 785
297 952
264 340
467 273
761 542
4 914
550 566
68 202
502 694
906 860
39 613
831 979
980 588
611 269
16 88
895 957
801 521
611 196
321 722
210 249
290 913
435 335
544 184
969 176
267 821
268 784
5 598
514 197
777 1000
393 972
534 385
887 543
59 612
300 549
787 829
390 953
154 172
622 968
448 254
401 356
222 522
297 638
600 176
821 330
962 737
375 92
790 442
317 284
813 681
691 405
988 869
31 803
177 416
701 548
78 439
404 487
582 173
889 469
774 580
387 29
950 493
878 868
840 634
756 771
792 856
177 234
197 562
606 909
439 707
714 589
194 524
235 242
51 887
699 174
584 857
57 869
717 470
590 851
380 385
146 526
748 234
750 589
255 589
803 80
509 384
762 913
197 643
598 522
196 742
520 657
727 248
130 353
263 603
798 906
978 775
184 763
994 646
465 262
248 445
525 284
49 516
248 889
893 55
413 858
3 93
207 670
73 271
580 146
75 333
319 905
147 773
549 859
24 429
978 660
66 514
893 648
213 377
474 197
195 365
815 473
87 257
