1000
135 511
626 197
761 353
404 203
203 183
200 50
876 162
206 72
932 455
620 396
367 901
243 559
753 743
690 636
51 963
153 565
917 891
720 448
501 651
889 425
159 868
284 504
141 888
362 422
153 566
668 603
832 712
637 995
834 82
125 130
697 108
304 444
886 779
983 522
962 701
798 793
715 995
854 620
837 611
955 756
828 294
168 790
160 502
66 958
768 131
811 770
386 631
89 392
450 1000
615 444
969 85
658 300
289 748
182 118
310 563
722 820
727 61
273 21
413 31
515 55
947 595
356 467
784 91
316 689
737 577
719 549
826 741
445 170
87 120
141 101
470 633
382 356
640 797
199 904
832 876
720 824
627 144
896 679
889 168
80 471
203 342
160 487
942 725
353 251
807 534
435 914
479 524
800 965
385 398
529 358
762 804
864 727
16 260
934 940
647 895
390 338
560 559
705 448
363 676
555 854
471 686
599 750
64 364
127 479
568 30
143 617
721 399
579 621
115 87
806 563
873 191
701 353
544 765
651 938
315 889
910 685
825 241
2 574
129 98
196 122
823 599
58 687
103 134
714 361
482 344
913 940
326 328
454 438
380 463
661 467
892 15
24 446
940 902
611 669
217 93
287 350
501 976
586 657
242 832
101 197
398 183
23 6
872 699
536 743
386 430
232 932
368 587
417 698
840 805
227 626
818 533
895 10
50 74
638 390
580 973
483 535
935 492
967 11
14 582
588 348
67 408
692 236
654 959
594 697
413 127
713 348
987 490
501 112
406 236
959 368
732 86
125 17
726 968
410 745
200 76
393 495
560 647
200 597
533 675
275 930
730 10
70 284
260 157
496 126
761 846
893 541
954 889
203 137
353 738
151 545
750 466
488 351
647 131
749 773
967 325
395 511
962 105
58 426
509 77
561 221
867 256
847 710
374 921
876 160
498 666
983 595
392 90
625 547
514 346
466 605
323 391
571 246
994 793
340 78
783 451
751 188
500 323
829 755
63 371
752 205
328 425
137 319
727 939
3 340
760 518
472 941
841 8
170 104
507 196
645 624
536 525
643 285
156 870
912 564
735 249
192 858
266 118
606 756
761 357
271 218
312 606
558 13
401 361
241 285
973 169
532 455
97 510
261 462
891 530
72 873
205 218
932 397
298 585
982 723
447 809
828 61
892 307
813 524
827 825
48 381
120 608
394 812
970 123
308 64
322 829
508 657
234 63
531 727
663 474
992 581
842 878
219 980
939 588
157 27
47 824
70 143
701 74
222 711
532 814
241 131
783 105
629 510
220 918
158 216
625 866
124 535
640 268
276 945
685 385
109 387
934 438
3 324
722 702
305 248
333 542
195 399
635 430
66 566
972 274
500 696
472 113
772 36
715 36
974 154
922 371
789 242
694 868
760 765
752 61
603 295
799 691
59 996
799 611
124 505
402 272
926 854
516 533
621 147
577 893
809 968
162 720
614 544
480 665
701 303
616 989
299 35
760 534
632 281
449 424
403 553
599 410
556 380
93 952
194 707
380 599
190 674
477 115
136 559
85 269
633 941
161 528
17 734
458 390
467 239
251 685
334 245
825 767
421 584
795 697
609 101
682 107
741 26
963 969
666 861
707 937
349 838
258 293
375 430
772 771
27 550
964 642
717 428
218 847
537 11
542 832
354 793
685 416
605 167
436 900
957 339
420 116
856 849
37 797
426 476
990 5
297 126
299 584
881 263
552 971
906 60
206 390
446 23
764 486
303 168
576 99
985 890
702 302
611 295
417 591
453 535
271 309
173 735
298 535
58 686
245 114
437 901
219 674
269 879
631 22
874 798
248 654
165 255
443 648
750 584
110 499
406 817
953 250
534 608
488 485
775 481
655 836
29 324
806 493
270 456
478 455
39 753
642 230
441 725
938 657
696 660
315 778
533 840
11 285
477 906
189 700
393 207
248 353
559 51
909 853
34 932
833 33
502 888
208 690
822 130
354 721
18 323
258 187
683 437
829 221
545 717
745 411
640 202
663 466
358 264
570 268
904 793
400 124
182 293
184 634
220 384
501 585
499 836
722 294
536 984
895 754
267 57
988 355
539 416
180 95
664 539
779 522
897 303
523 217
911 678
300 935
74 173
898 111
676 624
748 563
835 401
178 164
82 638
78 2
482 578
719 46
5 918
90 597
788 808
186 151
275 452
74 432
961 498
633 518
532 808
862 499
693 688
444 620
183 564
663 331
926 960
840 713
54 832
78 519
722 427
549 422
71 719
52 701
985 438
506 139
964 665
153 877
821 388
942 641
210 402
183 51
695 145
47 911
3 944
574 511
443 895
645 111
782 743
337 591
617 83
421 968
387 942
501 905
692 590
792 404
786 881
335 612
140 799
180 505
723 775
204 302
758 421
912 417
637 715
217 917
929 135
458 580
898 542
507 64
217 694
987 899
447 193
837 965
518 592
23 781
535 613
615 891
308 829
432 197
551 293
75 999
290 539
337 903
577 760
97 337
301 412
461 776
483 154
970 30
612 277
1000 845
510 602
711 710
100 719
227 353
882 523
321 893
204 319
419 522
183 661
920 677
984 1000
256 35
627 811
967 1000
575 918
176 225
633 349
188 232
207 770
123 215
510 382
850 160
470 579
470 604
229 629
185 306
137 793
586 794
834 838
923 802
159 122
253 264
872 391
230 663
764 672
958 463
693 310
582 327
489 199
899 206
138 584
122 882
464 369
77 759
502 905
117 332
411 811
112 962
410 193
349 182
276 727
142 127
740 138
766 427
492 370
291 502
319 301
221 636
502 454
456 825
15 77
927 759
979 215
506 903
647 377
545 234
846 480
490 129
573 164
832 763
544 597
332 22
931 22
993 465
619 481
395 937
670 810
448 986
112 575
593 560
433 31
843 5
876 91
762 740
936 842
77 71
76 928
656 646
511 145
510 304
783 265
438 694
51 559
567 117
658 747
943 523
61 637
289 646
595 495
53 353
181 557
749 895
817 955
998 676
883 767
795 593
24 632
536 280
117 174
734 832
224 595
995 507
582 137
492 581
141 174
173 479
947 621
425 444
95 350
37 466
782 912
202 205
745 484
819 536
117 429
116 244
859 831
364 37
721 405
13 971
642 918
265 518
18 42
167 269
69 328
791 791
928 531
106 819
408 270
982 652
210 797
673 200
603 174
308 835
657 703
506 943
129 600
185 686
699 755
833 818
500 419
755 244
258 738
139 547
541 982
970 407
773 910
389 53
167 193
490 204
316 759
349 897
699 100
358 624
974 89
533 580
979 693
761 608
388 107
725 541
578 924
61 998
165 864
40 194
23 232
446 801
306 463
244 202
280 378
686 555
274 372
173 778
163 767
817 947
918 607
9 690
708 480
944 211
427 378
122 447
12 947
120 169
453 166
849 497
399 473
946 824
552 788
912 372
75 104
571 749
430 438
461 81
262 41
715 181
351 406
996 372
342 306
864 972
562 611
147 390
648 435
18 125
903 985
701 595
36 410
543 87
423 656
578 842
861 616
111 468
640 290
436 338
748 820
438 458
355 239
378 226
988 390
495 580
408 307
518 109
270 3
965 688
375 84
112 838
268 685
274 681
982 839
83 376
335 546
474 300
72 418
806 619
907 779
839 125
130 257
826 621
992 212
173 97
982 635
72 900
305 112
989 851
51 20
298 326
38 388
13 217
97 444
486 156
796 817
156 814
46 500
649 568
90 213
911 49
158 989
24 365
92 769
681 594
196 731
231 997
626 258
501 354
100 308
196 922
112 570
188 593
652 932
35 128
749 190
796 560
260 682
26 71
654 607
717 647
220 562
60 164
699 148
27 205
668 627
807 511
374 340
625 758
123 73
520 212
985 175
386 70
99 714
924 828
311 356
800 633
441 499
983 875
224 361
856 620
599 18
912 946
935 817
258 723
84 675
968 469
645 975
883 604
464 13
360 947
214 822
580 528
91 756
458 147
697 211
818 567
142 487
893 827
283 159
286 26
142 345
963 585
946 479
589 609
366 434
229 13
116 358
576 661
619 941
732 35
751 624
763 668
296 738
391 187
433 678
87 90
586 460
882 914
168 583
522 581
491 530
915 41
600 395
948 247
689 360
76 27
82 537
569 597
509 637
374 329
537 624
140 156
223 788
659 616
422 799
32 905
279 245
129 87
851 607
567 390
180 476
788 884
985 733
598 450
143 510
995 526
45 163
101 887
6 721
183 50
420 647
185 620
851 219
841 944
117 48
875 10
421 448
419 101
821 238
81 905
76 543
268 320
2 705
266 763
406 187
671 616
939 958
380 582
775 556
274 371
477 784
255 916
723 901
313 446
782 458
890 300
636 454
931 993
59 200
339 920
809 969
361 146
355 413
729 303
138 215
212 632
379 420
964 803
847 547
838 887
195 42
304 786
832 51
742 25
157 449
664 847
580 549
983 513
643 164
680 880
173 925
927 495
568 415
200 720
768 633
850 129
916 718
245 172
192 376
23 702
147 795
993 151
537 565
56 323
844 515
625 296
863 270
716 465
924 1000
268 65
143 497
