1000
609 618
321 455
991 357
539 483
28 665
285 627
604 977
866 710
804 293
539 626
145 689
676 509
88 241
627 466
181 506
139 46
529 652
966 107
742 503
683 563
645 618
487 216
266 131
686 299
982 203
452 715
134 257
807 47
602 945
991 191
881 366
945 271
668 613
417 333
224 19
919 389
351 129
179 378
322 21
852 239
224 676
838 429
138 375
114 863
443 123
978 28
522 797
597 700
634 157
841 38
596 96
615 416
884 220
267 336
497 495
140 898
129 448
145 122
117 122
517 44
417 798
853 569
711 919
807 876
20 331
197 557
387 776
315 757
121 380
142 282
514 17
198 228
746 719
77 417
166 660
648 726
548 153
206 910
585 238
391 695
634 184
167 34
189 873
668 874
929 488
756 449
227 58
314 606
875 545
594 442
142 995
708 165
309 533
582 116
415 496
877 941
427 620
294 813
961 748
728 353
922 890
84 267
324 172
184 687
459 981
985 294
804 376
375 42
388 978
85 522
74 519
130 519
408 775
306 743
960 73
728 666
628 320
128 443
326 685
144 88
962 477
488 572
977 899
899 84
456 224
380 432
729 441
492 148
728 177
491 176
809 368
5 331
792 212
607 414
817 542
707 472
297 407
672 844
549 203
238 675
98 166
313 655
149 943
108 973
756 586
929 430
965 392
605 830
910 460
105 822
748 158
255 159
56 612
130 719
7 706
226 552
881 398
598 734
701 480
834 488
612 385
956 99
179 755
146 923
621 584
158 114
136 567
581 821
814 324
173 236
440 438
101 338
126 902
433 949
818 126
399 543
327 655
164 974
108 71
723 560
853 802
94 939
596 575
118 251
364 702
440 243
767 904
977 9
529 127
508 85
532 727
705 874
685 172
937 655
935 341
767 279
680 792
34 447
577 72
704 360
945 140
61 21
973 992
373 894
841 681
70 429
706 908
298 799
151 872
451 407
213 269
888 199
923 628
352 296
358 488
821 412
14 884
723 121
641 598
753 975
190 404
159 237
37 141
593 296
173 154
371 301
558 710
333 865
89 76
449 110
52 31
356 792
243 183
370 599
956 697
917 823
225 991
303 270
820 674
413 693
646 44
383 842
953 530
758 172
432 64
518 783
603 991
68 538
519 909
433 480
165 43
609 123
274 603
821 22
416 834
760 436
915 796
736 340
679 367
459 600
888 986
237 414
90 735
431 277
179 397
674 523
117 234
677 453
648 328
291 728
784 727
505 327
308 59
935 309
383 710
140 285
842 393
848 368
354 870
484 982
6 145
108 528
492 111
681 972
340 182
80 889
717 535
928 285
368 945
970 765
778 591
913 716
198 996
77 518
602 621
979 519
769 575
776 959
33 130
749 497
326 877
813 211
607 219
949 887
87 958
931 690
176 354
227 732
235 740
214 937
411 988
540 871
451 576
204 857
621 290
721 194
797 284
904 437
909 587
896 524
138 65
89 110
720 886
8 598
522 425
801 737
652 51
663 143
717 428
249 461
663 601
309 585
393 205
794 743
680 454
737 708
713 395
579 248
386 621
57 856
538 619
408 996
30 129
556 790
750 106
255 747
704 685
634 78
203 134
179 882
807 718
848 375
683 4
259 833
751 69
278 244
516 745
858 764
617 927
763 388
111 516
359 428
351 175
454 431
299 728
780 501
11 585
13 510
137 644
240 96
455 287
288 82
367 693
535 896
316 158
772 401
880 720
951 255
277 551
939 526
968 339
107 57
843 40
120 520
842 227
962 773
737 106
805 40
452 509
311 913
327 843
175 878
584 15
448 181
290 301
895 363
179 478
930 740
224 147
1 630
855 360
121 33
902 976
727 216
883 706
618 142
220 321
277 754
736 553
595 892
725 760
540 828
883 123
807 944
601 282
897 718
608 581
133 618
157 583
589 754
451 188
376 111
392 239
948 85
991 486
551 118
822 273
960 627
481 640
788 101
559 828
382 250
284 352
278 938
703 233
566 452
933 554
297 620
846 20
542 48
294 358
107 18
583 32
421 888
125 94
247 377
746 18
978 346
283 298
556 441
644 468
244 1000
784 334
349 670
643 937
745 634
500 640
777 25
141 773
594 321
110 245
282 142
177 396
611 476
455 739
224 310
379 680
78 134
213 750
61 300
682 270
423 795
450 733
328 842
235 8
255 760
484 12
780 803
629 514
315 698
861 458
864 697
676 575
236 780
339 187
447 519
225 379
78 764
431 501
856 837
127 97
124 388
512 245
421 505
317 772
65 492
16 97
13 794
368 631
222 684
803 957
316 69
832 936
624 196
949 968
176 723
449 175
561 582
906 718
909 591
682 346
476 920
181 526
72 226
119 642
948 477
389 299
501 968
433 156
380 331
721 550
898 107
434 691
30 229
57 904
668 445
603 491
38 168
767 778
391 888
961 478
502 912
400 919
320 432
249 33
770 298
149 662
189 637
146 405
707 641
646 203
450 187
489 8
646 771
700 349
348 948
220 252
612 91
52 143
191 947
411 941
162 576
153 577
938 465
944 853
640 18
497 175
263 906
812 241
604 922
588 358
645 7
595 459
878 8
82 532
712 739
804 961
796 533
564 567
823 712
324 186
749 609
649 75
907 193
947 78
392 396
24 159
476 704
612 605
76 7
370 38
581 767
455 556
88 121
199 528
549 1
80 30
130 621
662 88
670 377
567 23
58 857
280 726
288 647
95 504
391 319
315 309
981 264
218 200
326 181
322 52
612 924
138 623
288 774
473 559
632 56
175 819
898 321
611 36
89 181
5 285
109 992
462 688
888 125
245 443
206 440
644 194
764 346
954 750
597 749
538 62
898 33
876 523
8 925
722 921
375 688
598 620
695 498
643 913
534 590
825 150
64 443
397 404
14 866
353 971
611 41
760 797
594 145
605 39
732 692
300 445
969 987
265 261
790 662
601 414
943 332
310 193
412 156
190 56
928 821
990 694
520 34
492 662
642 666
363 47
215 462
482 599
649 163
695 736
369 891
64 320
627 758
115 60
867 365
919 455
332 281
122 102
622 697
301 479
912 139
285 3
79 268
84 1
519 274
407 116
119 249
673 687
426 548
793 247
987 510
159 137
304 824
69 692
692 421
508 537
910 380
36 978
53 189
673 33
169 183
290 90
834 921
356 962
900 350
191 561
205 613
167 493
718 761
982 504
73 414
808 748
555 173
416 54
274 194
266 168
752 418
528 818
713 673
952 827
401 85
758 659
362 356
951 380
237 909
614 658
591 5
186 256
630 503
288 621
517 905
94 878
676 780
440 844
363 164
518 584
841 640
773 437
169 3
966 351
13 51
316 50
869 945
538 829
641 162
581 152
733 764
837 26
837 572
875 952
34 167
557 770
85 407
349 639
49 704
652 116
989 243
969 888
779 34
511 466
115 908
358 894
748 330
161 174
228 835
816 773
149 580
326 81
91 747
966 785
996 197
362 315
135 510
125 459
529 728
434 329
372 239
980 409
793 588
640 808
559 343
311 484
236 882
529 373
308 291
631 242
945 642
200 286
442 611
863 828
735 836
850 504
756 386
638 567
739 569
138 577
568 610
242 37
999 442
781 965
441 407
721 156
8 245
949 756
158 346
95 139
421 285
520 240
867 854
661 554
868 961
896 593
781 652
87 232
14 282
219 570
984 432
979 445
864 408
146 916
323 947
103 544
19 892
419 248
97 345
137 328
867 805
673 127
520 987
390 645
570 477
426 132
995 741
678 877
675 346
238 655
234 687
228 42
601 56
972 402
862 838
57 697
296 27
679 613
824 105
64 163
521 520
666 451
481 142
689 534
704 396
426 485
745 37
416 179
112 297
587 268
66 42
478 711
891 374
567 713
292 997
317 756
668 493
725 95
10 252
21 271
623 780
589 149
433 741
675 809
670 23
351 575
942 407
519 800
260 547
211 716
550 624
724 630
452 363
529 720
941 118
210 487
745 77
592 553
202 48
613 333
572 763
105 747
208 652
669 870
419 996
467 374
477 753
925 378
719 682
990 981
892 60
623 663
556 980
515 991
445 405
205 927
683 396
832 368
609 929
479 207
561 664
103 599
745 816
930 832
191 659
773 695
734 134
532 591
649 307
117 528
344 765
187 151
345 922
37 718
914 431
102 108
980 7
638 766
50 286
40 671
530 853
454 838
899 901
971 607
560 993
375 316
341 118
200 268
776 694
671 4
449 85
753 180
149 906
40 645
576 601
930 353
738 944
824 850
307 656
337 823
698 326
16 739
130 122
948 695
295 951
903 595
264 555
17 577
949 592
262 930
67 708
102 412
757 965
427 795
902 432
633 198
877 483
449 109
505 240
966 321
933 821
580 91
198 474
542 297
362 649
400 782
59 52
356 161
173 67
953 736
189 228
920 237
555 759
761 129
209 905
623 647
364 249
303 948
882 281
807 581
550 86
837 521
41 819
629 992
209 58
839 362
926 852
865 220
826 34
561 736
546 284
118 956
595 65
584 854
974 80
893 285
847 958
638 626
827 392
921 840
497 562
512 825
130 544
194 275
732 845
